#weight	catName	catId	starRange
1	中餐	15	5,6
1	快餐连锁店	16	5,6
1	咖啡厅	22	5,6
1	自助餐	27	5,6
1	烧烤	30	5,6
1	酒吧	59	5,6
1	茶馆	63	5,6
1	机场	97	5,9
1	地铁站	100	5,7
1	西餐	130	5,7
1	面包蛋糕	131	5,6
1	火锅	133	5,6
1	海鲜	134	5,6
1	KTV	138	5,6
1	酒店/宾馆	148	5,7
1	韩式料理	217	5,6
1	日本料理	218	5,6
1	泰国料理	219	5,6
1	24小时便利店	177	5,7
1	24小时餐厅	179	5,7
1	24小时药店	180	5,7
1	24小时加油站	181	5,7
1	24小时汽车修理	272	5,7
0.95	商场	35	4,7
0.95	电影院	61	5,7
0.95	美容/美发	230	4,6
0.95	冷饮甜品店	132	4,6
0.9	超市/便利店	37	4,7
0.9	数码家电	38	4,7
0.9	电玩/网吧	66	4,6
0.9	洗浴/桑拿	72	4,6
0.9	大学	89	4,8
0.9	火车站	101	4,8
0.9	景点/公园	162	4,8
0.9	夜总会	221	4,7
0.8	写字楼	77	4,7
0.8	银行	83	4,7
0.8	羽毛球/乒乓球	156	4,6
0.8	特色小吃	26	4,6
0.8	其它美食	175	4,6
0.8	汽车站	150	4,7
0.8	糖果店	135	4,6
0.8	家具家居	54	4,6
0.8	音乐厅/歌剧院	62	4,7
0.8	医院/诊所	84	4,7
0.8	博物馆	113	5,7
0.8	图书馆	146	5,7
0.8	健身中心	152	4,7
0.8	高尔夫球场	154	6,8
0.8	高尔夫练习场	259	5,6
0.8	台球	159	4,6
0.8	体育场	161	5,7
0.8	4S店	212	4,6
0.8	眼镜店	225	4,6
0.8	宠物	226	4,6
0.8	SPA	234	4,6
0.8	中医	263	4,6
0.8	整容整形	265	4,6
0.8	游乐场/主题公园	167	5,8
0.8	滑雪	160	4,7
0.8	画廊	139	4,7
0.8	游泳	153	4,7
0.8	瑜伽	155	4,6
0.8	篮球	157	4,6
0.8	网球	158	4,6
0.8	溜冰	260	4,6
0.8	足球	261	4,7
0.8	保龄球	207	4,6
0.75	中学	144	4,6
0.75	其它运动	262	4,7
0.75	服饰店	50	4,6
0.75	珠宝饰品	51	4,7
0.75	动物园	165	5,7
0.75	植物园	222	5,7
0.75	露天广场	166	4,6
0.75	蔬果市场	248	4,6
0.75	花鸟市场	249	4,6
0.75	药店	209	4,6
0.75	体育用品	224	4,6
0.75	品牌店	241	4,7
0.75	口腔	266	4,6
0.7	手工坊	235	4,6
0.7	小学	90	4,6
0.7	幼儿园/托儿所	93	4,6
0.65	化妆品	52	4,7
0.65	棋牌室	75	4,6
0.65	花店	115	4,6
0.65	音像店	205	4,6
0.65	玩具店	206	4,6
0.65	办公用品	223	4,6
0.65	足疗	232	4,6
0.65	美甲	233	4,6
0.65	母婴用品	240	4,6
0.6	科技园/开发区	269	4,7
0.55	书店/报亭	55	4,7
0.55	住宅小区	81	4,6
0.55	营业厅	85	4,6
0.55	工艺品	227	4,6
0.55	公司/企业/事务所	229	4,7
0.55	文化宫	236	4,6
0.55	烟酒	239	3,5
0.5	加油站	47	5,7
0.5	培训机构	92	3,5
0.5	海滨浴场/沙滩	168	5,7
0.5	ATM	178	3,5
0.5	其它休闲文化	238	3,6
0.5	其它购物	242	3,6
0.5	婚嫁服务	246	3,6
0.5	摄影/冲印	247	3,6
0.5	售票处	253	3,5
0.4	政府机关	78	3,6
0.4	领事馆/大使馆	79	3,6
0.4	邮政/快递	142	3,6
0.4	房产中介	203	3,5
0.4	体检中心	210	3,6
0.4	古董店	216	3,5
0.4	票务	237	2,4
0.4	保险/证券	243	3,5
0.4	洗衣/干衣	244	3,6
0.4	典当行	245	3,5
0.4	旅行社	254	3,5
0.3	实验室	145	3,5
0.3	康复/疗养/养老	267	3,5
0.3	心理咨询	264	3,5
0.2	车船码头	98	3,6
0.2	公交车站	99	3,5
0.2	停车场	149	3,5
0.2	洗车美容	213	3,5
0.2	汽车租赁	214	3,5
0.2	汽修汽配	256	3,5
0.2	车辆交易	257	3,5
0.1	公厕	250	1,3
0.1	其它生活服务	204	3,6
0.1	其它学校教育	252	3,6
0.1	其它交通出行	255	3,6
0.1	其它机动车	258	3,6
0.1	其它医疗保健	268	3,6
0.1	组织/协会	270	2,5
0.1	其它行政办公	271	1,4
